92345 ,
92114 ,
92197 ,
93906 ,
92323 ,
95141 ,
92506 ,
94521 ,
92821 ,
93405 ,
92292 ,
95480 ,
92194 ,
94070 ,
94580 ,
90240 ,
92199 ,
94803 ,
95501 ,
93933 ,
91390 ,
95841 ,
91804 ,
95334 ,
95066 ,
95650 ,
96088 ,
90704 ,
95383 ,
92676 ,
92403 ,
93601 ,
95612 ,
93093 ,
95935 ,
91758 ,
93954 ,
95248 ,
95417 ,
93669 ,
95925 ,
96034 ,
95639 ,
93226 ,
95488 ,
93512 ,
95537 ,
95920 ,
95934 ,
95571 ,
93251 ,
94940 ,
95312 ,
94929 ,
93207 ,
95595 ,
96129 ,
96074 ,
96125 ,
95514 ,
95305 ,
95736 ,
96010 ,
95698 ,
92266 ,
95443 ,
96116 ,
95717 ,
93524 ,
92236 ,
93603 ,
92060 ,
96011 ,
96126 ,
94074 ,
96112 ,
93220 ,
94516 ,
96014 ,
95587 ,
93260 ,
92134 ,
94569 ,
95493 ,
95601 ,
95606 ,
94021 ,
95140 ,
92378 ,
96068 ,
95559 ,
93605 ,
93528 ,
96017 ,
95463 ,
96076 ,
96110 ,
91980 ,
94576 ,
95986 ,
93276 ,
95039 ,
96111 ,
95646 ,
96031 ,
95720 ,
91046 ,
92389 ,
95625 ,
93429 ,
95699 ,
95545 ,
95680 ,
96115 ,
95978 ,
95494 ,
95568 ,
95550 ,
96133 ,
92267 ,
93558 ,
96063 ,
96071 ,
96029 ,
93627 ,
96108 ,
95984 ,
93287 ,
96132 ,
90822 ,
95715 ,
96133 ,
94512 ,
95376 ,
93208 ,
96136 ,
93519 ,
95981 ,
96049 ,
94573 ,
92364 ,
96119 ,
94950 ,
95910 ,
96085 ,
95225 ,
95435 ,
95325 ,
95013 ,
91948 ,
95250 ,
95604 ,
93554 ,
95234 ,
95429 ,
93623 ,
94128 ,
95930 ,
95735 ,
92332 ,
93592 ,
93262 ,
95485 ,
95923 ,
93042 ,
95679 ,
95364 ,
94972 ,
93522 ,
96123 ,
93530 ,
95944 ,
92211 ,
95430 ,
95915 ,
93064 ,
95721 ,
92384 ,
96061 ,
93634 ,
95724 ,
93633 ,
92301 ,
90071 ,
92280 ,
92338 ,
95974 ,
96155 ,
93943 ,
90099 ,
91371 ,
90079 ,
90090 ,
90506 ,
90747 ,
90831 ,
91608 ,
92133 ,
93407 ,
94850 ,
95314 ,
7676 ,
30241 ,
89110 ,
90095 ,
90101 ,
90261 ,
90311 ,
90510 ,
90651 ,
90833 ,
90834 ,
90835 ,
91061 ,
91188 ,
91346 ,
91365 ,
91382 ,
91383 ,
91396 ,
91510 ,
91603 ,
91960 ,
92005 ,
92018 ,
92182 ,
92235 ,
92329 ,
92357 ,
92366 ,
92393 ,
92589 ,
92714 ,
92799 ,
92809 ,
92862 ,
92873 ,
92899 ,
93381 ,
93382 ,
93539 ,
93737 ,
94039 ,
94101 ,
94143 ,
94615 ,
94617 ,
94974 ,
94999 ,
95101 ,
95148 ,
95192 ,
95343 ,
95649 ,
95836 ,
95929 ,
95972 ,
96050 ,
95257 ,
94548 ,
92341 ,
95555 ,
94104 ,
96117 ,
95412 ,
95956 ,
92259 ,
93563 ,
95450 ,
95728 ,
95714 ,
95675 ,
92066 ,
95526 ,
95420 ,
95637 ,
96075 ,
96121 ,
96016 ,
96054 ,
95569 ,
95511 ,
96065 ,
95936 ,
93549 ,
96040 ,
96086 ,
94971 ,
93043 ,
95075 ,
91210 ,
93628 ,
96124 ,
93645 ,
95837 ,
89010 ,
92385 ,
96037 ,
95232 ,
92066 ,
96054 ,
95075 ,
93628 ,
95488 ,
93043 ,
96040 ,
96046 ,
93603 ,
92134 ,
95550 ,
95923 ,
95679 ,
95364 ,
92384 ,
90099 ,
90506 ,
92133 ,
93407 ,
7676 ,
90095 ,
90101 ,
90261 ,
90311 ,
90510 ,
90651 ,
90833 ,
90834 ,
90835 ,
91061 ,
91188 ,
91346 ,
91365 ,
91382 ,
91383 ,
91396 ,
91510 ,
91603 ,
91960 ,
92005 ,
92018 ,
92182 ,
92235 ,
92329 ,
92357 ,
92366 ,
92393 ,
92589 ,
92714 ,
92799 ,
92809 ,
92862 ,
92873 ,
92899 ,
93381 ,
93382 ,
93539 ,
93737 ,
94039 ,
94101 ,
94143 ,
94615 ,
94617 ,
94974 ,
94999 ,
95101 ,
95192 ,
95343 ,
95649 ,
95836 ,
95929 ,
95972 ,
90101 ,
90261 ,
90311 ,
90510 ,
90651 ,
90833 ,
90834 ,
90835 ,
91061 ,
91188 ,
91346 ,
91365 ,
91382 ,
91383 ,
91396 ,
91510 ,
91603 ,
91960 ,
92005 ,
92018 ,
92182 ,
92235 ,
92329 ,
92357 ,
92366 ,
92393 ,
92589 ,
92714 ,
92799 ,
92809 ,
92862 ,
96158 ,
92589 ,
90510 ,
95353 ,
95929 ,
92235 ,
93539 ,
95654 ,
91510 ,
7674 ,
7676 ,
90651 ,
95649 ,
91061 ,
92357 ,
92393 ,
92714 ,
92329 ,
91188 ,
91365 ,
92873 ,
92005 ,
91346 ,
92018 ,
91960 ,
94039 ,
92182 ,
95192 ,
92502 ,
91521 ,
92415 ,
95284 ,
91125 ,
92698 ,
91955 ,
94068 ,
94809 ,
91760 ,
90639 ,
91715 ,
92899 ,
92799 ,
95208 ,
95343 ,
93740 ,
92668 ,
